802.2232055664062 1737.630615234375 -139.96875 0.6050057411193848 143.7045135498047 0.0
433.9068908691406 2274.085693359375 -140.96875 0.38500410318374634 288.62957763671875 0.0
-156.7289276123047 1390.54833984375 -167.96875 1.4300246238708496 1.119765043258667 0.0
-1354.8271484375 1244.0555419921875 -159.61187744140625 1.0450397729873657 0.9551714062690735 0.0
-1210.5201416015625 206.54151916503906 -146.78494262695312 1.2100540399551392 86.3701400756836 0.0
-1756.447509765625 133.86911010742188 -111.22596740722656 2.3650546073913574 269.2703857421875 0.0
-1865.9996337890625 -354.29071044921875 -139.94082641601562 0.9350606203079224 0.18552106618881226 0.0
-1308.92919921875 -566.5227661132812 -158.7144317626953 1.5950676202774048 180.25538635253906 0.0
-804.6390380859375 -2350.683837890625 -255.15069580078125 -2.9149246215820312 84.28034973144531 0.0
-230.18495178222656 -1679.96875 -186.81005859375 0.4950774312019348 77.51546478271484 0.0
-447.935791015625 -923.15576171875 -198.6580810546875 0.27507251501083374 297.8453674316406 0.0
206.32798767089844 -692.63818359375 -220.4143829345703 0.1650720238685608 233.08506774902344 0.0
221.93727111816406 -117.46326446533203 -207.89308166503906 -1.1549099683761597 359.36505126953125 0.0
-141.6779327392578 477.9124450683594 -191.96875 9.378790855407715e-05 269.0305480957031 0.0
1548.7337646484375 1418.0413818359375 -164.9994354248047 1.15508234500885 186.39041137695312 0.0
1881.993408203125 640.592041015625 -115.96875 0.3300994634628296 176.49488830566406 0.0
1076.6781005859375 810.830322265625 -279.3940734863281 -2.4199464321136475 356.1504821777344 0.0
393.5023193359375 263.97216796875 -23.96875 1.1550925970077515 90.12071228027344 0.0
1034.889892578125 -102.71287536621094 -180.97694396972656 1.705083966255188 181.285888671875 0.0
697.7100830078125 396.8155517578125 -145.4964141845703 -1.0449128150939941 1.4109172821044922 0.0
1104.1270751953125 -179.1591796875 -38.33402633666992 6.435096263885498 180.80992126464844 0.0
