-430.2370300292969 2951.4326171875 24.126911163330078 0.8249722719192505 3.4747531414031982 0.0
757.963623046875 3734.817626953125 48.03125 1.5949749946594238 267.8050231933594 0.0
1639.662353515625 2840.43701171875 -108.85060119628906 -0.330005407333374 90.35010528564453 0.0
1883.332763671875 3224.4951171875 -119.41587829589844 -4.380941390991211e-06 176.03953552246094 0.0
661.6168823242188 2072.03125 0.03125 -0.9899938702583313 89.80036163330078 0.0
433.0316467285156 2091.647216796875 3.6221730709075928 1.4300071001052856 176.53526306152344 0.0
-1975.203125 2779.052978515625 32.03125 1.210022211074829 0.0947837308049202 0.0
-1761.613037109375 3386.03515625 0.7195429801940918 -0.1099790558218956 359.21484375 0.0
-714.874755859375 3755.110107421875 1.82818603515625 2.2000341415405273 270.09014892578125 0.0
-1362.9564208984375 2247.97216796875 -175.96875 3.4100451469421387 269.8703918457031 0.0
-928.6500854492188 1903.54638671875 -176.316650390625 -0.05495592951774597 179.1753387451172 0.0
-1388.3160400390625 1336.529296875 -175.96875 1.4850527048110962 90.0505142211914 0.0
-1273.218017578125 1529.162353515625 0.03125 -1.8149399757385254 302.10015869140625 0.0
-1128.8056640625 395.3152770996094 32.03125 1.3200591802597046 1.0051052570343018 0.0
-562.0135498046875 -73.58944702148438 0.03125 -0.7699360847473145 180.71524047851562 0.0
-728.4387817382812 -1834.0633544921875 74.56195068359375 3.6850812435150146 91.31527709960938 0.0
-379.486572265625 -1831.781005859375 69.00950622558594 2.0350937843322754 88.5654525756836 0.0
784.1726684570312 -1625.7410888671875 65.4002456665039 0.4401018023490906 179.86485290527344 0.0
747.0819702148438 -1157.920166015625 70.18829345703125 2.6951048374176025 181.13003540039062 0.0
534.5731811523438 -24.763999938964844 8.185195922851562 -1.1548491716384888 269.23992919921875 0.0
-389.4149169921875 -728.0863647460938 15.640132904052734 -0.10983849316835403 358.4210205078125 0.0
-31.716510772705078 83.03125 0.03125 0.9901596903800964 87.57635498046875 0.0
287.6177062988281 89.1092529296875 7.808631896972656 3.3551645278930664 96.92645263671875 0.0
609.736328125 405.8896179199219 7.0797271728515625 -0.494841992855072 120.90650939941406 0.0
980.4891357421875 843.1346435546875 0.03125 1.4851568937301636 269.10137939453125 0.0
1879.0531005859375 425.23236083984375 1.7204060554504395 2.3101561069488525 92.41619110107422 0.0
2212.20166015625 273.5673522949219 0.6873019933700562 -0.43984735012054443 85.1561050415039 0.0
2535.359130859375 1167.939208984375 32.03125 -2.584840774536133 184.2658233642578 0.0
1419.87841796875 1415.6729736328125 25.929353713989258 2.860170841217041 272.1014709472656 0.0
515.5040283203125 1309.4281005859375 32.03125 0.0551665723323822 180.08641052246094 0.0
-234.70428466796875 1289.064697265625 32.03125 0.8251703977584839 2.1066534519195557 0.0
-215.92953491210938 1563.027587890625 32.03125 3.0251681804656982 318.3570556640625 0.0
-89.08514404296875 1809.043701171875 32.03125 0.7151697278022766 87.93708038330078 0.0
