-1692.424072265625 800.6160888671875 -50.16897964477539 7.919978141784668 273.8951416015625 0.0
-1429.8323974609375 849.5233764648438 -46.03553009033203 4.179899215698242 257.99993896484375 0.0
-1702.4041748046875 -51.370731353759766 -63.96875 2.914907217025757 82.36002349853516 0.0
-969.0814208984375 199.97190856933594 0.03125 1.539907693862915 272.79473876953125 0.0
-699.1366577148438 -460.6857604980469 0.9963629841804504 4.839893817901611 90.44499206542969 0.0
-395.7691345214844 -571.0328369140625 192.03125 5.224904537200928 89.03910064697266 0.0
13.48854923248291 290.59344482421875 184.03125 3.6299233436584473 177.69940185546875 0.0
-573.212890625 889.7767333984375 24.03125 1.9799376726150513 356.3402099609375 0.0
919.4940795898438 123.37128448486328 158.03125 14.904960632324219 88.7649154663086 0.0
1026.4378662109375 -275.1548767089844 256.03125 4.069970607757568 87.69032287597656 0.0
864.5443115234375 -783.3681030273438 96.43325805664062 3.8499927520751953 87.714599609375 0.0
2079.683349609375 -351.29168701171875 256.03125 6.049986362457275 87.65943908691406 0.0
2622.154541015625 -37.761112213134766 84.03125 0.9349604845046997 182.0943145751953 0.0
2555.732421875 544.7680053710938 215.03466796875 3.409965753555298 229.63978576660156 0.0
1842.7855224609375 686.674560546875 160.03125 3.189964532852173 271.05523681640625 0.0
2307.525390625 1367.0220947265625 160.03125 3.5199801921844482 83.206298828125 0.0
2221.2607421875 2885.856689453125 152.03125 6.049982070922852 240.6162872314453 0.0
1309.4261474609375 2644.700927734375 139.27951049804688 5.939981460571289 89.9711685180664 0.0
733.0838012695312 3262.851806640625 160.03125 2.8599839210510254 270.37091064453125 0.0
42.15830993652344 3239.053466796875 160.03125 3.5749855041503906 271.66705322265625 0.0
724.6829833984375 2962.783447265625 132.44786071777344 1.9249941110610962 268.0670471191406 0.0
999.99951171875 1905.241455078125 150.3094482421875 6.435000896453857 179.51681518554688 0.0
933.2700805664062 2200.67333984375 140.03125 6.765007019042969 178.63682556152344 0.0
440.5230407714844 2103.816650390625 132.2997589111328 3.520019292831421 345.5061340332031 0.0
-54.38518524169922 1370.9156494140625 101.50016784667969 2.4200093746185303 358.8713073730469 0.0
