-448.0 -248.0 8.70999813079834 0.0 69.37919616699219 0.0
-907.3012084960938 -11.522095680236816 0.03125 0.0 89.4720687866211 0.0
-768.0953979492188 765.17724609375 0.03125 0.0 -11.550270080566406 0.0
-892.8809814453125 1413.06005859375 0.03125 0.0 -8.73664665222168 0.0
-270.6299743652344 1846.21240234375 8.03125 0.0 -91.56678009033203 0.0
378.0682373046875 1159.746826171875 0.03125 0.0 -93.81088256835938 0.0
-2.915756940841675 647.0527954101562 0.03125 0.0 -164.2987060546875 0.0
123.34849548339844 276.8807373046875 -127.96875 0.0 132.3717498779297 0.0
-663.803466796875 692.1967163085938 -127.96875 0.0 26.934040069580078 0.0
129.0594024658203 1288.527587890625 -127.96875 0.0 -101.96416473388672 0.0
-898.1723022460938 1408.0469970703125 -127.96875 0.0 -87.1799545288086 0.0
-907.4658813476562 131.95901489257812 -127.96875 0.0 61.25405502319336 0.0
368.7663879394531 1405.743408203125 -247.96875 0.0 -155.65707397460938 0.0
378.3126525878906 148.16424560546875 -247.96875 0.0 179.46072387695312 0.0
-875.900146484375 136.28564453125 -247.96875 0.0 43.104339599609375 0.0
-895.7109375 1396.3262939453125 -247.96875 0.0 -37.151763916015625 0.0
-133.85035705566406 1083.2398681640625 -247.96875 0.0 -131.10598754882812 0.0
-384.3569030761719 438.7561950683594 -247.96875 0.0 126.46187591552734 0.0
-256.27496337890625 340.0399475097656 -247.96875 0.0 -18.24607276916504 0.0
387.49542236328125 1412.5537109375 -375.96875 0.0 -110.8799057006836 0.0
-263.8671569824219 1120.6092529296875 -375.96875 0.0 -108.37181854248047 0.0
-385.1048889160156 431.6019592285156 -375.96875 0.0 19.668315887451172 0.0
-885.9974975585938 130.22320556640625 -375.96875 0.0 90.81636047363281 0.0
-245.30250549316406 270.6114196777344 -375.96875 0.0 -54.25172805786133 0.0
398.5182800292969 136.27491760253906 -375.96875 0.0 109.36238861083984 0.0
388.64190673828125 1387.405029296875 -375.96875 0.0 -133.81768798828125 0.0
-253.0726776123047 1231.7666015625 -375.96875 0.0 151.13963317871094 0.0
-897.0210571289062 1405.81396484375 -375.96875 0.0 -38.38235855102539 0.0
-268.7757873535156 1145.1474609375 56.03125 0.0 -156.1024627685547 0.0
-263.106201171875 403.3214416503906 56.03125 0.0 -0.1023939996957779 0.0
