9.7253999710083 1336.989990234375 193.0 0.0 -151.95001220703125 0.0
-957.133544921875 1065.7864990234375 192.03125 0.0 44.10552215576172 0.0
-940.851806640625 1373.8507080078125 64.97245788574219 0.0 -7.902586936950684 0.0
-770.8087158203125 673.8103637695312 -63.96875 0.0 55.391456604003906 0.0
-96.5465087890625 943.96875 -63.96875 0.0 -100.83071899414062 0.0
176.22262573242188 1063.6939697265625 -63.96875 0.0 -0.378167986869812 0.0
1126.6661376953125 839.1773071289062 0.03125 0.0 -140.6283416748047 0.0
463.96875 905.1597900390625 64.03125 0.0 178.12136840820312 0.0
-497.15283203125 931.551513671875 64.03125 0.0 -20.838407516479492 0.0
-678.946533203125 -375.7786560058594 -63.96875 0.0 -97.86058807373047 0.0
-49.321311950683594 -1134.0418701171875 66.03125 0.0 89.97554779052734 0.0
572.7711181640625 -624.004638671875 -63.96875 0.0 -159.24098205566406 0.0
163.43716430664062 -1213.706787109375 -63.96875 0.0 57.63539123535156 0.0
732.415283203125 -1130.3583984375 -63.96875 0.0 134.5916290283203 0.0
1134.2291259765625 -673.322998046875 -63.96875 0.0 134.5250701904297 0.0
1128.372802734375 72.90558624267578 -63.96875 0.0 -114.13319396972656 0.0
874.1941528320312 -619.3621826171875 -191.96875 0.0 52.28803634643555 0.0
1232.1273193359375 335.96875 64.03125 0.0 -119.47964477539062 0.0
621.8422241210938 -91.86254119873047 64.03125 0.0 161.5184783935547 0.0
-315.6272888183594 220.37872314453125 64.03125 0.0 -127.65837097167969 0.0
-565.0376586914062 -399.97247314453125 64.03125 0.0 55.35985565185547 0.0
-239.96875 193.9619903564453 -63.96875 0.0 -24.53529930114746 0.0
597.714111328125 -541.4801635742188 -63.96875 0.0 136.40866088867188 0.0
