-1854.5689697265625 1232.8326416015625 -199.96875 0.0 -12.011580467224121 0.0
-1819.52490234375 133.58570861816406 -231.96875 0.0 -1.5173020362854004 0.0
-3.446476936340332 828.1370849609375 -315.96875 0.0 -85.93142700195312 0.0
-484.5069274902344 1307.3853759765625 -63.96875 0.0 -148.63186645507812 0.0
527.8224487304688 1279.405029296875 -63.96875 0.0 -85.40377044677734 0.0
1711.1322021484375 789.5668334960938 -63.96875 0.0 -172.0618438720703 0.0
1277.850830078125 486.0074768066406 296.03125 0.0 -96.91873931884766 0.0
585.6240844726562 409.5367736816406 89.97248840332031 0.0 -88.6627197265625 0.0
-1705.29296875 344.4808349609375 64.27424621582031 0.0 -1.1881660223007202 0.0
-1736.5379638671875 -1377.96875 64.03125 0.0 34.32020950317383 0.0
-1963.736328125 -527.4357299804688 224.03125 0.0 23.92784309387207 0.0
-1391.913818359375 -1330.7216796875 224.03125 0.0 92.8980484008789 0.0
-1502.8575439453125 -762.56298828125 480.03125 0.0 57.32447814941406 0.0
-1238.0792236328125 -606.26806640625 390.03125 0.0 17.886920928955078 0.0
-450.5582580566406 -977.89111328125 -199.96875 0.0 49.830841064453125 0.0
758.229736328125 -663.1893310546875 -199.96875 0.0 138.27105712890625 0.0
1376.2451171875 -526.6318359375 -231.96875 0.0 156.69970703125 0.0
1752.68017578125 -652.0035400390625 73.64448547363281 0.0 175.92657470703125 0.0
810.7546997070312 -1370.854248046875 94.83573913574219 0.0 92.89785766601562 0.0
-237.43809509277344 -1071.6259765625 64.03125 0.0 87.48656463623047 0.0
-1076.9053955078125 -390.8004455566406 -199.96875 0.0 74.87971496582031 0.0
1085.96875 575.1100463867188 63.30970001220703 0.0 131.4771728515625 0.0
-569.1299438476562 322.0484313964844 272.03125 0.0 178.73211669921875 0.0
61.818336486816406 -7.859715938568115 136.78890991210938 0.0 -2.935394048690796 0.0
581.8257446289062 -711.2617797851562 272.03125 0.0 -168.4267120361328 0.0
407.2279052734375 -1259.978271484375 224.03125 0.0 30.268903732299805 0.0
-698.2017211914062 -673.1573486328125 5.155756950378418 0.0 45.976722717285156 0.0
-1230.521240234375 1137.332763671875 -33.29890441894531 0.0 -5.3725080490112305 0.0
-401.74725341796875 825.6195678710938 -12.472749710083008 0.0 -86.15838623046875 0.0
