203.66656494140625 -541.4188842773438 214.03125 0.0 136.84901428222656 0.0
-203.32400512695312 -573.1514282226562 214.03125 0.0 60.02482986450195 0.0
-433.96875 -543.1414184570312 314.03125 0.0 20.059396743774414 0.0
423.0369567871094 -562.9043579101562 314.03125 0.0 156.41542053222656 0.0
671.2752685546875 -585.3272705078125 364.03125 0.0 44.90568923950195 0.0
832.4637451171875 -272.99737548828125 364.03125 0.0 165.02593994140625 0.0
-14.311488151550293 -188.2836456298828 364.03125 0.0 170.46188354492188 0.0
-812.1969604492188 -370.97772216796875 364.03125 0.0 72.45794677734375 0.0
-560.32958984375 -639.8984375 364.03125 0.0 -7.66609001159668 0.0
-752.2120971679688 -11.278058052062988 364.03125 0.0 -20.33840560913086 0.0
-312.91650390625 133.05288696289062 364.03125 0.0 -25.684358596801758 0.0
464.39752197265625 133.22308349609375 364.03125 0.0 121.75971221923828 0.0
744.1243286132812 17.11127281188965 364.03125 0.0 -123.29859161376953 0.0
853.96875 396.60601806640625 364.03125 0.0 -147.67654418945312 0.0
537.0189819335938 652.4556274414062 364.03125 0.0 167.33563232421875 0.0
433.96875 439.7958984375 281.9416809082031 0.0 -159.73016357421875 0.0
-433.96875 450.3917541503906 287.2434997558594 0.0 -33.86791229248047 0.0
-166.77069091796875 578.0875854492188 214.03125 0.0 -64.69001007080078 0.0
192.7505340576172 572.59228515625 214.03125 0.0 -115.77423858642578 0.0
-562.8707885742188 634.5081787109375 364.03125 0.0 -2.7822821140289307 0.0
-837.667724609375 368.2178649902344 364.03125 0.0 -72.6761245727539 0.0
-352.106689453125 128.49549865722656 364.03125 0.0 -12.94587516784668 0.0
-407.0661926269531 116.04086303710938 130.0553741455078 0.0 -30.537490844726562 0.0
-143.27854919433594 152.7027587890625 64.03125 0.0 -52.71352005004883 0.0
190.79537963867188 93.65473175048828 64.03125 0.0 -139.89955139160156 0.0
423.2030334472656 -37.42943572998047 114.03125 0.0 -128.34957885742188 0.0
433.96875 228.11932373046875 164.03125 0.0 173.17477416992188 0.0
0.21885399520397186 382.8638000488281 214.03125 0.0 124.26887512207031 0.0
22.22539710998535 -323.60980224609375 214.03125 0.0 -99.83633422851562 0.0
