-617.2780151367188 -467.78900146484375 65.0 0.0 53.59211730957031 0.0
-736.6475830078125 711.96875 64.03125 0.0 -82.83003234863281 0.0
92.8116683959961 751.96875 64.03125 0.0 -119.32799530029297 0.0
786.1262817382812 736.77392578125 64.03125 0.0 -112.39805603027344 0.0
1147.8822021484375 477.0677795410156 64.03125 0.0 -118.93183898925781 0.0
1529.2027587890625 -140.32589721679688 64.03125 0.0 -158.79574584960938 0.0
583.3734130859375 -400.05987548828125 -319.96875 0.0 162.66018676757812 0.0
294.80072021484375 104.12532806396484 -319.96875 0.0 -31.019428253173828 0.0
-201.2024383544922 -1116.3216552734375 64.03125 0.0 112.46510314941406 0.0
421.9580993652344 -1135.96875 64.03125 0.0 57.68489074707031 0.0
1692.5574951171875 -806.0379638671875 64.03125 0.0 163.02127075195312 0.0
812.9243774414062 -715.2362060546875 64.03125 0.0 156.1573028564453 0.0
642.7427978515625 461.7748107910156 64.03125 0.0 -134.6741943359375 0.0
485.0487976074219 -193.82814025878906 64.03125 0.0 -50.943946838378906 0.0
518.1972045898438 -1134.5546875 192.03125 0.0 130.8140869140625 0.0
693.7647705078125 725.65185546875 192.03125 0.0 -49.07231521606445 0.0
355.15203857421875 747.4915161132812 320.03125 0.0 -100.15607452392578 0.0
413.6669006347656 768.6967163085938 448.02398681640625 0.0 -128.97396850585938 0.0
1418.950439453125 35.296409606933594 288.03125 0.0 -144.50811767578125 0.0
1775.96875 -851.3255615234375 288.03125 0.0 124.44212341308594 0.0
1689.5633544921875 521.5360107421875 288.03125 0.0 -138.66993713378906 0.0
-445.22064208984375 -100.40505981445312 288.03125 0.0 -5.943265914916992 0.0
-808.72998046875 -861.3141479492188 288.03125 0.0 52.59854507446289 0.0
-771.4744873046875 407.7868347167969 288.03125 0.0 -3.7652969360351562 0.0
1730.791015625 616.3485107421875 640.03125 0.0 -170.0854949951172 0.0
-620.8351440429688 722.9894409179688 640.03125 0.0 -47.32563781738281 0.0
-881.965576171875 -127.59963989257812 576.03125 0.0 1.1841700077056885 0.0
-788.5794677734375 -1158.434814453125 640.03125 0.0 47.318485260009766 0.0
1716.2679443359375 -1163.9161376953125 640.03125 0.0 120.90852355957031 0.0
797.537109375 -1291.37158203125 576.03125 0.0 93.884033203125 0.0
1833.5450439453125 -161.72108459472656 576.03125 0.0 -175.6299285888672 0.0
